2.670648446974155377e+00 -2.153772212192188285e+00 -6.925987420782716564e-01 2.298953284986744894e+00 -1.927585181849037488e+00 2.823044995012836678e-01 -6.535280003918837455e-01 -3.480722366562952197e-01 -2.702349394691923035e+00 -2.836853001785765382e+00
-5.752103811799977429e+00 -6.247371730131121570e-01 -5.620780774368746568e-01 1.973807291182259727e+00 1.274061970833782365e+00 -2.741594426271250495e-01 1.518871636059289543e+00 -3.360011564900347580e-01 -9.294810591501118102e-01 2.532084943771804486e+00
4.621521052708352784e+00 -5.753712375763428977e-01 1.304926641504192020e+00 -3.782774303295755924e+00 -1.729323882592085360e+00 -1.079919085626643405e+00 3.985530843977967752e+00 1.393132725239028813e-01 -1.227801883414834982e+00 9.186792003290264463e-02
2.600859153175852256e+00 3.665458360128441839e+00 2.589123152051025833e+00 1.443935617359220380e+00 2.815420642054047295e+00 1.695379318813131198e+00 -5.349005444652193964e-01 1.325977457416383620e+00 2.436456398278969981e+00 -4.769495448416635752e-01
-6.328855806260015981e+00 4.908167562470591605e+00 1.245796180285627663e+00 1.218042524995045062e+00 -5.074677642702588365e+00 4.924868236085311324e-01 6.347781890041076513e-02 5.680137059072307704e-01 1.824039820794659539e-01 1.709472406897834862e+00
-8.064283609823456045e-01 -1.400269399610211707e+01 5.986215755081084389e+00 2.738703218795309091e+00 -2.955284111969452177e+00 -4.100023420653992723e+00 -6.145147665032518747e-01 1.886110300680817087e+00 3.977730154609773749e-01 1.173222004148344738e-01
5.507861320904591906e+00 6.033376412631502594e-01 -2.543297322645645231e+00 -2.010990171514727365e+00 -1.176825138068088999e-01 -1.669198830552929003e-01 -6.105633857664761743e-01 9.376075899418849502e-02 -1.601705063066308110e+00 2.617848528716143708e+00
-5.027696000288252698e+00 9.766814985266368820e-01 3.304664536203155478e+00 -6.392462998457236978e+00 3.482146245198298296e+00 4.706519102185026782e+00 -4.944218084077615316e+00 3.025621864967099839e+00 -3.928276266436723230e-01 -1.306120084571730899e+00
-4.102782786891332023e+00 -8.481068284268944879e+00 2.110615543382579506e+00 3.447886191828980706e+00 3.164185845221318516e+00 -2.958195098360521524e-01 -2.187615260176250853e+00 -4.978219755634848420e-01 -2.995837794670268117e+00 3.505237332037619336e+00
-4.436044087654055446e+00 -4.307622593102242159e-01 -2.656858486834449362e+00 9.376012492033990453e-01 9.696536967460384071e-01 2.805611799988296795e-01 3.495468799673749238e+00 2.561735526184208966e-01 -1.473369253398091772e+00 -2.806538857869516068e+00
-4.379263633295087388e+00 6.927033745445677404e+00 4.891656520457466684e+00 2.137007705589514472e+00 -4.732381185496627118e+00 -4.923770695907045414e-02 -3.124334991022672980e+00 -1.500475442071231569e-01 3.309388539058488177e-01 3.255441750387568778e+00
4.454823481655627582e+00 1.937644212832419610e+00 1.170766216179869312e-01 -1.010935852078769015e+00 1.500344866670310751e+00 -1.972625630996970747e+00 -1.349212575850454628e-02 -1.119553250937666444e+00 -1.810695926426312552e-01 9.525134516831996745e-01
-4.441539647971971760e+00 1.309329622283135208e+00 -1.854207410050707550e+00 1.445796030749243677e+00 4.133785647921633388e-01 -4.545997484831888064e-02 3.038202999752236177e+00 -8.301329786829600432e-02 6.888699971103365849e-01 -5.388055775494331456e-01
2.882031654778311136e+00 1.366217277780589434e+00 -6.267201689275821996e-01 1.629830448585676272e+00 6.851007874328598479e-01 -2.184899405713666698e-01 -2.435706451071457113e-01 -9.461330859077878852e-01 1.601524407236796677e+00 -1.305171751558970916e+00
1.917347536765137583e+00 -2.510149794821332769e-02 -4.210148020180509043e+00 5.359040997050118493e-01 2.079392436564414526e-02 2.422162503506310183e-01 -1.304335046254555763e+00 -1.844044104436426190e+00 -1.032475870058209066e+00 -2.041952046660043152e+00
-3.114666437132102228e+00 -1.539597207789456768e+01 9.567033492697232688e+00 -8.944478215911573216e+00 -1.375750514392326318e+00 9.903276708809270801e+00 -2.424001291834160465e+00 -5.468757286006579399e+00 1.005214333515189118e+01 2.217398886480669018e-01
3.004022637213294544e+00 -1.592002913609957548e-01 -5.149625367950462440e+00 -4.191677825563337456e-01 1.675757803121862358e-02 -2.827237242801443617e-01 -1.204086295992488065e+00 1.993423834870772682e+00 6.923128434850447065e-03 1.593733681499245769e+00
-3.447584063627200796e-02 -1.391364555376435774e+01 7.592215688954320640e+00 -2.518739078427213451e-01 -4.020945009528075431e+00 8.101048570708416108e+00 -1.452046491437759268e-01 -4.555543413113584350e+00 3.804047797837200040e+00 -4.797874345544564378e-01
-9.204278253449489355e+00 3.048584361698480460e+00 1.630573664564760161e+00 -6.600719492666684118e+00 -2.574873543408372267e+00 3.487695714282732062e+00 -4.984833035880562591e+00 3.295882690498331158e+00 -1.896376272377926497e+00 -1.460075843740953561e+00
-7.500090805667147809e-01 -1.491080680000634295e+01 8.645007093437159895e+00 -1.835694479026394266e+00 -4.117513130060396875e+00 -1.101409124532731632e+01 1.275534058088544365e-01 6.066366449652574211e+00 4.109402761168255758e+00 -1.364912060125280213e+00
-7.190136616786186430e+00 1.854753575373617513e+00 -1.738738929370504893e+00 -2.404915641465408260e+00 1.819174144927947490e-01 1.179389320417283615e+00 9.394920277441026757e-01 9.703581869947516259e-01 -9.327936432136932354e-03 -2.508779367701303276e+00
-8.591255447135718981e+00 1.549106982585965575e+00 -1.160470987358096950e+00 -6.191908583101555230e+00 6.413408049504993880e-01 1.382322014297296398e-01 -1.784184942682052633e+00 -3.937237271011567730e-02 -5.686107486865477068e-01 -4.032988852424726822e+00
5.268208473361072564e+00 9.581026809396382404e-01 3.671841438091096865e+00 -4.951492349605445042e+00 9.543607931621265195e-01 5.910480376485543808e+00 3.307665332221577881e+00 -3.168719868079586277e+00 -5.625575735355024420e+00 1.817689387605515794e+00
4.980013944388934632e+00 2.053048138848389215e+00 5.169119616257488836e+00 -6.404781869543938910e+00 1.689905310061560195e+00 1.502915175378202628e+00 3.866584623725249248e+00 1.628197264658504395e-01 -5.832448814840884843e+00 7.399554980402746063e-01
9.338219520946919872e-01 -5.690643118011417201e+00 1.714497446176661555e+00 3.154704321824000957e+00 -1.693091943946274602e+00 2.914622479094872709e-01 -6.931825127966588784e-01 2.401176119284771371e-01 -3.611328070660294376e+00 -1.963485089962188068e+00
4.949233508246426716e+00 2.270644827099085994e+00 3.348361899392434005e+00 -2.591975116920695932e+00 2.428549994624320529e+00 4.192927680903211218e+00 1.119764634766425404e+00 1.312616904165234688e+00 -3.391320451682185322e+00 1.410493291164953700e+00
1.961185635680826822e+00 3.667846942674742206e+00 2.183063858252598077e+00 1.166122523586738513e+00 2.004800645553820093e+00 -2.077952669723380552e+00 -6.333653504538597767e-01 -1.809228381843422717e+00 1.817484088908749351e+00 -4.965454905775708028e-01
-6.494211668737409404e+00 -5.128594673010399951e+00 -5.198035829995615309e-01 1.665040067732003193e+00 3.050003018759182893e+00 -1.282610789621440716e-03 1.392285565027917560e+00 1.546376719794830858e-03 7.340400342924142674e-01 2.359394349143825842e+00
4.348780341719053588e+00 -2.475503321410872370e+00 5.933874175575240884e+00 -6.001895859513104448e+00 -2.301930661883737628e+00 -7.267286431884439679e+00 4.889327776881245313e+00 5.111859306557126281e+00 -3.601943683435826937e+00 -6.848433495612702426e-01
1.088512323060369713e+00 4.065242523373257200e+00 5.621008518857338210e+00 3.044083354645627182e+00 -1.104815632707264600e-01 1.779223391937752863e-01 -3.261768966770148825e+00 1.823145100281313991e-01 -1.585684859395923851e+00 -6.414220407602857499e-01
2.995614029633324016e+00 -1.497955222472511227e-01 -5.353618562017533833e+00 -1.247828630666864003e+00 1.231731964581451316e-01 2.905758745533661429e-04 -1.585447055171768094e+00 -2.613548641475253564e+00 -2.987743233345202531e-01 4.042731849023541435e-01
3.286670311598743677e+00 3.011763728051883859e+00 5.678952760832962632e+00 3.233644809731916592e+00 4.095361946056180535e+00 -3.148858541700198799e-02 -2.182855334500351407e+00 3.655123578641443771e-01 -1.024048578718713909e+00 -9.151855790199165952e-01
-9.744201603157186753e+00 3.150597378790860770e+00 1.562339127046665777e+00 -9.521594299913799020e+00 -2.344704721233746181e+00 -1.828709331493491907e+00 -4.748315206678178413e+00 -1.298588674918342623e+00 -1.424919198417266220e+00 -4.282218468447133830e+00
4.310527578933937676e+00 -3.229995592878404320e+00 -6.500951641205038323e-01 1.093549866114312596e+00 -3.632945004357600371e+00 -8.373254718116872608e-01 5.450519949005415699e-01 2.719561146666818807e+00 3.224129999367940869e+00 -9.535676445123714151e-01
3.267226552851502319e+00 2.646729788268454772e-02 -4.201103040626393614e+00 6.327658156403901391e-01 -2.501776315373016590e-01 -1.145444324679781162e-01 -1.626525533201723217e+00 -6.100223630622583215e-01 -5.404217833635374113e-01 5.441452845716506781e-01
-5.869811823562316455e+00 -7.939436979998728994e+00 9.772345250805471173e-02 1.498003585821153338e+00 5.677814896303749137e+00 -3.239913125364748958e-02 -2.140296986699615100e+00 9.958188809488981164e-02 -9.745359012235886853e-01 4.953275296920150339e+00
4.262499735900238562e+00 2.351567859162274399e+00 4.778528935597192273e+00 1.837412490324319692e-01 2.239117736332310482e+00 5.914353595555257304e-01 4.576367792537326395e-01 4.685634506832857760e+00 6.562459312992278138e-01 2.412013054202007400e-01
4.060074848649575685e+00 5.123165047389618643e+00 6.113825783316815254e+00 -3.526479840285856593e-01 4.775948650732535938e+00 -9.721001602981865775e-01 3.950326365724125544e-01 -4.923282540961358700e-02 -1.375890997743194621e-01 4.701976952766294682e-01
4.990348516051449579e+00 -5.645114211253396963e-01 4.556215472937242161e+00 -3.045560547783137118e+00 -1.259283724268976945e+00 -1.582527393481003797e+00 4.422137636972073516e+00 -2.702816583911974213e+00 4.816146553315762802e+00 1.036468668551863814e+00
-9.133612572488447157e+00 -1.539887327553510321e+00 2.480856412836686786e+00 -8.724346172449344294e+00 7.222886059453182961e-01 -1.819050081391637486e+00 -7.515180443826141143e+00 -3.738203580643395973e+00 -1.590123257517445099e-01 -8.267682621028478174e-01
3.248629142546324289e+00 -9.412897750085459647e-02 1.539897991202963945e-01 2.158802584477230280e+00 -2.641900821679935563e-01 9.079636812866301865e-01 -7.924758606492677826e-01 2.034502120777568646e+00 -2.212766941283279554e-01 -2.224365001672942377e+00
2.905363269528505210e+00 -4.286449314883237216e-01 -5.550109722741443541e+00 -2.240534644466480430e+00 4.215319780882137990e-01 1.447008054630243290e-01 -4.081537306344285909e+00 1.851448858585479584e+00 1.096309680687591603e+00 1.186784350591862242e-01
4.303109817773179913e+00 -4.897451356117155652e-01 -4.051528822588093881e+00 4.205866299004681341e-01 -1.699821101298283565e+00 -7.439883085553157527e-02 -1.435260407450670295e+00 1.088417825904691050e+00 -3.390729720934015923e-01 2.766685507959645296e-01
-2.005195425834943868e-01 -1.001189696491391778e+01 3.657222231719012839e+00 4.169716868959311817e+00 -2.023330613797155397e+00 -5.154637343606512795e-02 -1.303659649328240189e+00 3.935473553617162001e-01 -2.967324199962594111e+00 -9.364574111467931505e-01
3.351462166518865526e+00 5.912416520867199710e-01 7.885622129490069687e-01 2.360566532195785605e+00 2.735030320249657865e-01 -8.098454965272560147e-01 -8.847264593834007762e-01 -2.614487755375963562e+00 5.196530527272769096e-02 -1.909011976431759017e+00
-2.249100487322790887e+00 -1.373097836621099255e+01 5.249186243693450216e+00 4.159559317537715906e+00 -6.874193224804832081e-01 3.037009705768624723e+00 -2.234836545802788343e+00 -1.017882653937092652e+00 -6.971329571041977591e-01 1.929043880862758131e+00
4.339432837806306509e+00 -4.780106563147251464e+00 4.500097915674122540e+00 -4.181548205702918963e+00 -3.213177327763544255e+00 6.209484844965679429e+00 2.850277876573507285e+00 -1.623134458479333020e+00 6.036657117120800109e+00 -2.338516341191454115e-02
-7.170265836149103400e+00 6.574045431265581385e+00 3.285712205345165060e+00 1.589901493149831646e+00 -8.553127400916444856e+00 -1.796651663807169730e-01 -3.747436512819547261e+00 -4.988524514205289195e-01 -4.901989842525582008e-01 4.873892842491645894e+00
-4.842955673311707621e+00 3.497562904949733653e+00 -3.702717077044144489e-02 2.016695197975394649e+00 -2.543097696303451283e+00 3.054768828599100372e-01 1.923653767307106799e+00 3.461370985399916944e-01 1.091457869717506801e+00 6.275997932985869499e-01
-2.469317499305694774e+00 4.289095782233736998e+00 5.397648418316070895e+00 7.249775750390687057e-02 -7.003740820515915289e+00 -4.475164890299321740e+00 -1.409971503249231928e+00 3.730288512792222733e+00 -2.533416478695720730e+00 1.294821862870534135e+00
-4.731834481135125614e+00 -1.476829867563087362e+01 6.460296260129012147e+00 -1.318729759148206782e+00 1.422982677367654603e+00 -9.129726019460067121e+00 -4.143319483338469666e+00 2.100660182037972223e+00 3.410668910534356169e+00 1.751247452900131618e+00
-5.111076934004314509e+00 -4.607536453782403285e+00 -3.640230507958519546e-01 -8.744781854211893801e-01 4.266479310194458918e+00 -1.296553587248812756e+00 -1.553434510159855675e+00 -9.717552928976395110e-01 1.697561211947104853e+00 1.170153386976849452e+00
-7.105469875586881479e+00 -5.802213048072969670e+00 1.255640348685796548e+00 -4.250714060222357205e+00 3.449279490160981343e+00 2.998217138629152956e+00 -5.102832754285825168e+00 2.267658012154173619e+00 8.269303468077968677e-01 1.308536612078429640e+00
5.148787406672740374e+00 7.388608880433360504e-01 -2.379247301763084632e+00 -5.247009992920940391e+00 1.085906836017291210e+00 -6.164273179661364788e-01 2.311876613498186295e+00 -2.548324352840020679e-01 -8.700347519805068375e-01 6.004395941821732308e+00
-1.048064029784789408e+00 3.795236563318110878e+00 4.751261336689244885e+00 -1.243135124933366420e+00 -5.021388960452170203e+00 3.789928404201998724e+00 7.695532852288093639e-02 -5.170810894180845274e+00 -2.296334207117510573e+00 1.474724172093969221e+00
3.238324193135889040e+00 4.698807050730706147e-01 -2.717297969965055682e+00 -7.739830858400098101e+00 1.992643329573364319e+00 -1.871732517096979242e-01 -4.955591697155957931e+00 -6.358239843256917601e-01 1.303300553996247432e-02 7.328493748892506154e-02
-3.719899087748133049e+00 -4.460408612401510209e-01 -2.731031485772801748e+00 9.795269843850412661e-01 2.538311691701836015e+00 -2.307463702542273398e-01 3.070152683237376667e+00 2.833574799458086768e-01 -2.144163562849966398e-01 4.536056030031337949e-01
2.909074535689591401e-01 5.355865177256180942e+00 5.482121771111921227e+00 1.402612943659855782e+00 2.147456722486636771e+00 3.207686975301073051e+00 -2.391137709697944924e+00 2.444177772660069081e+00 1.510591226261970954e+00 5.947358477077601124e-01
4.154973335566008785e+00 1.617957669936503362e-01 5.810257210397462568e-01 1.037823838657501163e+00 -5.730645347827307834e-01 -6.591771441196015990e-01 5.307196425318096988e-01 -3.578621987943090943e+00 2.564477836473254779e+00 -5.234846306617449985e-01
2.977018666509431366e+00 4.860011901906830190e+00 5.602224796396390261e+00 2.471072497053758976e+00 4.739341334711223652e+00 2.234295277040981187e+00 -1.254581839620308781e+00 1.996568138079536370e+00 1.824843477191947949e+00 -4.706252932294369140e-01
3.840956275688928390e+00 -6.599640846693561436e+00 3.521141846949616294e+00 -7.055811575304383743e-01 -4.702551528866594666e+00 -5.092282800922659725e+00 1.772237774209329153e+00 1.156817090596303776e+00 4.407573624194271567e+00 -1.345612699231988119e+00
-3.569507266275977475e+00 6.012310636566969180e+00 4.221451814674622049e+00 1.484063323186209482e+00 -3.150098693860934773e+00 3.189970390273584755e+00 -2.442001064555330281e+00 3.301478300447920233e+00 7.180300583939510650e-01 2.547026482088596389e+00
2.386023414666284648e+00 -8.643920693542238354e+00 3.557541585646820437e+00 2.522107669789115381e+00 -4.998419404060398641e+00 -8.742646730129829402e-01 8.984119940755389555e-01 1.734976099474131894e+00 -1.175010343418867453e+00 -3.420420451197675238e+00
2.944305536463468265e+00 1.872066132526000848e+00 1.413920971646436264e+00 -4.970324863895913658e+00 7.563176008776228976e-01 -8.753527547876265025e-02 1.378340879213773684e+00 5.872242440084876058e+00 -4.181212384675256466e+00 5.288216176525757373e-01
4.670710133593614088e+00 3.248659186034450475e+00 5.923515824386694995e+00 -1.566832457710237270e+00 2.618206438816933712e+00 1.403044569055672097e+00 2.338220629274985196e+00 -5.077670018597610024e+00 -5.369861609222534859e-01 7.849438599244501491e-01
5.111613428267034465e+00 -1.568987366122766458e+00 -3.336711870563694227e+00 -5.300628046976483265e-01 -2.665512594937882174e+00 6.428456455315992857e-01 2.706751500353877030e-02 -2.695248959151533175e+00 1.959093700722166931e+00 1.345789426396659438e+00
-4.277515501582122681e+00 -9.088773835510007615e+00 5.353013279765789889e+00 -8.456853218033694830e+00 -8.352320018046194283e-01 -6.856990756369541806e+00 -9.577573061540314292e-01 1.655758163371507719e+00 4.345203763196620272e+00 -2.045440058735218614e+00
-1.484419315105726778e+00 3.227721261454628010e+00 2.351175801696031353e+00 1.161002776262059388e+00 -4.608186195804687912e+00 -1.767063258584819163e+00 -2.082096425885091584e+00 -3.509375911795314718e+00 -1.379244848553616398e+00 5.406698000739496718e-02
4.147915936436763928e+00 -1.388093179533754551e+00 -2.215592953904584217e+00 1.128637095324322548e+00 -2.350982564893377980e+00 2.640267827234911158e-01 -6.114099551693050749e-01 2.912030996358159651e+00 -4.678065720812746645e-03 -1.268937554224729869e+00
2.903675295464418049e+00 -3.174043684950260680e+00 3.224837768934796678e+00 1.265142340011908839e-01 -9.597912429235953002e-01 2.201668422140504511e+00 1.006486631993076752e+00 -2.337933255030418267e-01 -4.525830466612453584e+00 -1.327651326615397087e+00
-8.445462926928422931e+00 -7.685147524649142969e-01 8.820692195807937341e-02 -2.082026646007261839e+00 6.049534213514875525e-01 4.312771778703796688e-01 -2.332902729217990689e+00 4.909681679356261291e-02 -2.371660628462151976e+00 8.696480036525768842e-01
3.586627758783652808e+00 3.997977885721216040e+00 5.062834177432287142e+00 -4.426814712880730029e-01 3.381978397056407459e+00 3.966908679311421437e+00 4.814575678228373290e-01 2.382032125007478296e+00 1.350573630348478882e-01 7.961082946689614914e-01
6.197552643668908789e-01 -8.655082506362488104e+00 3.883867309549931868e+00 2.915093195429220296e-01 -2.571700238834060404e+00 -5.654296824054195980e+00 4.261941115393498847e-01 3.280652391039439841e+00 -1.452789240950613348e+00 -1.284056380191947122e+00
-7.410460767990981523e+00 2.111865490253681532e+00 4.171292372482305888e-01 1.524205590405077082e+00 -2.136436380209104868e+00 -8.445628636243697474e-02 6.103530787634053878e-01 -1.687964317964830152e-01 -8.480080323212325633e-01 2.892308519493244301e+00
-7.121599727479235753e+00 2.038086107441607009e+00 -9.335126254038774718e-01 -2.944782569092935454e+00 -1.298323506778312209e-01 -2.609923442221124379e+00 5.114355877928502547e-01 -2.836520682596543885e+00 -5.325886629690633756e-01 -2.700563966400950644e+00
5.499642133406007716e+00 6.813397143945649770e-01 4.247983852262342985e+00 -6.925992581216753763e+00 -5.017922410263754296e-01 5.494606729251925614e+00 6.526684343364789420e+00 -2.373963351605691052e+00 -1.593584569904566983e+00 2.549836020503958078e+00
1.523313530578778829e+00 1.139646149194342595e+00 -1.556834712214870686e+00 4.859920146585232081e-01 1.104555251477520095e+00 -4.732637425050227609e-02 4.073743025953727726e-01 4.807959880610843117e-01 6.823523500984632895e-01 -9.297830641676957386e-01
-6.078867539919586171e+00 -6.218648004749550040e+00 4.254835996111018481e+00 -1.003246102933377060e+01 1.488150169440455028e-01 7.666898448800618660e+00 -2.142021342503520831e+00 -1.226614346341425410e+00 4.953839810432550728e+00 -1.262419964285681706e+00
2.975531834296750944e+00 1.694915680105885114e+00 1.318204901212785662e+00 -5.889003166645714771e+00 3.605508876314916122e+00 6.701554909846410557e-02 -1.762280912006831679e+00 2.956985747186274827e-02 -3.185438628526665816e+00 1.545258227437983800e+00
-1.798601515347595381e+00 3.203234710442565802e+00 2.721013315523127307e+00 1.067997048429535134e+00 -4.853010512393585607e+00 2.105136698409135310e+00 -2.508796888114606549e+00 3.080191884007078329e+00 -1.598652151170538049e+00 3.952752952895955407e-01
8.848191271295556826e-01 8.235188785348541984e-02 -3.635961073530642906e+00 9.112646712487268985e-01 -4.799486137447707135e-01 4.593156014438969925e-01 -7.339907200899996598e-01 2.893228442074367579e-01 -1.680061983838520012e+00 -3.549015289273712792e+00
-7.455803837084888031e+00 2.445336996681948261e+00 7.281211267965062572e-02 -4.452759971281651019e+00 -8.300062972282281626e-01 3.949319466001879775e+00 -1.349692460559984930e+00 3.613824288704909016e+00 -1.182936327188881975e+00 -2.068483606488081605e+00
4.860937027810778410e+00 -6.596066291555498395e+00 8.722649158362200339e+00 -8.939757294635784390e+00 -5.099516735840419202e+00 6.980580706033598481e+00 7.939235136730788511e+00 -2.673765298014547209e+00 4.407572868657535281e+00 -8.447057397630243214e-01
-4.025810732563566141e+00 -1.292358130302755725e+01 5.532530018977868558e+00 -2.221157810763806140e+00 1.372976920101940168e+00 7.271907978145395468e+00 -3.608371778978346711e+00 -2.526869092028502628e+00 3.535752041720439998e+00 2.570580783376333223e+00
5.033361615677200973e+00 9.453864607196531267e-02 3.313507442644008094e-01 -2.563614667169348493e+00 -1.780597904778630225e-01 3.594182063954685535e+00 1.486722772747769206e+00 -1.425621579163181218e+00 -3.015277092379775148e+00 1.187534320673768073e+00
-6.999275652454452157e+00 -9.396439106817391362e+00 8.149728044890764966e-01 2.548979839755820098e+00 3.522050784786281863e+00 -5.674998352948247282e-01 5.059943644031582588e-01 -1.654017603344218879e-01 3.939019960633098894e-01 3.751231867214990245e+00
3.014449532754503114e+00 5.270696539917246959e+00 6.329207326181829352e+00 2.740112933386175342e+00 4.950453260665508282e+00 -4.539128847620244045e-01 -1.349612330912681957e+00 -3.885952164600242065e-01 1.572609110430661206e+00 -5.929674822604613649e-01
-2.926772489746820582e+00 -2.972100631440407703e+00 -3.138323415284884343e-01 1.869637462449691867e+00 2.055861640963195125e+00 -3.670663666893582699e-01 5.340322195361262292e-01 -1.574552377928462032e-01 -9.928252594823174793e-01 9.619521006174645006e-01
4.577164399117066296e+00 -6.956867390833927356e-01 -4.099676649823440044e+00 -3.448887225250623967e+00 -1.562246902986264230e+00 -7.735302097906899821e-01 2.627161457119092880e+00 1.936856800593500794e-01 2.788617743166777352e+00 5.338002640346307004e+00
4.325574415839581022e+00 -6.644043382469225101e+00 8.029289660024646835e+00 -7.958547710831002320e+00 -4.761948825413339748e+00 -6.549894240197463802e+00 6.400532482546831936e+00 2.195562155184473951e+00 4.023669237019982248e+00 -5.571905421787347601e-01
2.102118470518774096e+00 1.460474258388439091e-02 -4.514292772179911317e+00 4.211581997695661994e-01 -4.824908746814714211e-02 7.118106503048421407e-02 -1.314193103508350724e+00 2.059429305849947323e+00 -7.149806726806207102e-01 -1.282204987322851375e+00
-6.006471246608530379e+00 -1.403579933148275893e+00 -3.186292452566427347e+00 -2.976118227927715409e-02 3.764247014633451016e+00 5.598805524460034183e-02 2.804738130110344230e+00 4.318213053935801016e-01 -2.464263322487564578e-01 -4.573256982625157341e-01
3.477861977846563590e+00 -8.778448599627175497e+00 5.402468359923816799e+00 -2.336251246850592267e+00 -6.003789613224141952e+00 8.437195375147338083e+00 4.380301556969593335e+00 -5.126237641550244639e+00 2.883071581487143931e+00 -1.914809887338628558e+00
-9.021172669984556691e+00 -3.057599946089105125e-01 2.442287862873642190e+00 -1.326221873763531711e+01 1.394724941584036815e+00 -4.758442602184898895e+00 -6.618943354657451650e+00 -2.433343281471947339e+00 1.891752512897343363e+00 -6.281490009257363560e+00
4.197034537910445451e+00 -6.045899399560903525e-02 -5.461518604962669610e-01 -1.477355677124662092e-01 -5.868878052680275292e-01 -2.190728316365158967e+00 1.413974009055807557e-01 -8.015038871156527911e-01 -2.060561448588527966e+00 -6.359019970269331745e-01
1.744719945223293989e+00 -3.402061706879809133e+00 -1.111618576117692658e+00 1.667773746599585438e+00 2.263846647083811794e-02 -6.928599062247907392e-02 -1.082960986851668528e+00 -2.729705629838001246e-01 -1.636982033394970504e+00 1.059543166207477655e-01
-6.508211026124115506e+00 4.781419954377116532e+00 2.165970909447575643e+00 -8.797547842495444526e-01 -4.404974502693613125e+00 -3.333384139700477089e+00 -1.491771413686443060e+00 -3.584789387455853849e+00 -8.439986765993338080e-01 9.919094253888719459e-01
3.051852416632535814e+00 2.503217015683681268e+00 4.202273170153907778e+00 2.683437247189903285e+00 2.780142514309920099e+00 -2.471329583731103341e+00 -1.648958950335332574e+00 -1.945558593182456386e+00 -1.234908690680432075e+00 -8.442759998103337438e-01
4.080385532989860842e+00 -9.491596422022782198e-01 -4.983790788367192803e+00 -3.230628385115715151e+00 -1.511788043935174686e-01 1.981099420313276946e-02 -2.233069945777716114e+00 2.803400769164264172e+00 2.478851452005025102e+00 3.582208902053521271e+00
4.050458510344433272e+00 1.375853479725808702e-02 -5.341577821225308220e+00 -2.075427282471852930e+00 -4.828435597590430284e-01 -6.567636189408949665e-01 3.097672544851268195e-01 1.084306691595427807e+00 9.525527681039624994e-01 4.438313547510903234e+00
3.910589901736664320e+00 8.784586472870465901e-01 -2.331017960581142301e+00 7.704021984813838042e-01 -5.008021091802788982e-03 -1.643682714106086198e-02 -1.238092837906476840e+00 1.790504339631008579e-01 7.513676686943610017e-01 -1.540440491813633572e-01
-4.227263936341256745e+00 -1.554737623376935218e+01 9.718600536296174042e+00 -1.112542701579010007e+01 -1.157192993824210481e+00 -1.192396526654509259e+01 -3.373768790221483016e+00 3.923390565393225504e+00 1.024473500824447392e+01 -2.811678418012430569e+00
4.203123896032015416e+00 2.898037078504535291e+00 4.634464805926235442e+00 -2.184777665728397711e+00 1.798057458432374522e+00 -4.767554325836959705e+00 1.970881494200910078e+00 -2.296492263003614198e+00 -8.632694922899409873e-01 9.567077783550008707e-01
2.641877726914814595e+00 -3.714529492770330066e+00 5.695325031289174555e-01 2.188559413286994104e+00 -2.767807392700359248e+00 9.582823846016277347e-01 3.138727876302987441e-01 1.978415657777800041e+00 -8.889409320057971575e-01 -2.763226402303774254e+00
4.620633931808169059e+00 2.467434610242353443e+00 5.685913017902635147e+00 -1.450598041182628917e+00 1.519947724060132899e+00 -1.924333139890591626e+00 1.933542258258787339e+00 6.375642414373494660e+00 -1.224492372244292193e+00 3.525156525856542600e-01
1.238872212109000337e+00 -1.005432598265430677e+01 4.305436566435174583e+00 2.782024752492619601e+00 -3.799502107000010120e+00 3.772646626430010919e+00 -8.071635066927818070e-02 -1.997508282777659572e+00 -8.041557241259162936e-01 -1.893757972814873902e+00
4.889631824371771351e+00 -1.279804894676273452e+00 -3.858123115909917189e+00 -7.065511649884340661e-01 -2.613487044605811604e+00 -8.042941428430431250e-01 1.334927629389284220e-01 1.537232369664885523e+00 2.464025363800386614e+00 1.963840256276426555e+00
-5.857926943738367420e+00 1.951083523417905585e+00 -1.677775605933645053e+00 4.737676345800860833e-01 -2.619168886093584669e-01 8.684551602182392083e-01 2.589877326009798697e+00 1.069513003404110485e+00 3.791613904521561329e-01 -9.252095045366179882e-01
-9.270744653534299218e+00 1.593222464366012892e+00 9.900091078439975378e-01 -1.036693185821734531e+01 3.409453837154747396e-02 4.217287581688216491e+00 -5.373056142833202209e+00 3.191240075163092715e+00 -7.506325346459894465e-01 -4.489573528210969222e+00
5.459066940574665239e+00 7.956312584122736675e-01 4.473364532823345563e+00 -5.921974718571550333e+00 -6.568578753466008946e-01 -5.996888301278347377e+00 6.005076848882945129e+00 1.220960013994742965e+00 -8.746573661046639359e-01 2.077003489173898210e+00
3.911104115020901606e+00 -7.766249286945529906e-02 7.618182965602379175e-01 -7.192471999459338905e-01 -1.063436778008604922e+00 -3.273416908536018077e+00 1.813248834258650355e+00 1.469262606163142415e+00 2.314419848816761327e+00 -4.019663715810420368e-01
-7.156571043678045640e+00 1.547759637087270101e-01 -3.336172040841948849e+00 -1.746648588355824039e+00 2.661597398032689910e+00 2.545440176407610666e-01 3.075762904594357305e+00 5.258191856056568803e-01 -2.466800086911824230e-01 -3.167005639820213325e+00
5.684407269546770003e+00 -1.593430718554509795e+00 6.282575574162968524e-01 -3.708662701407574147e+00 -2.414530608117086530e+00 4.855112113545951402e+00 3.607275645152251187e+00 -3.273928217631762561e+00 2.091952652634560206e+00 2.127830123820896091e+00
-5.876633229805054981e+00 3.411022173731437235e+00 1.976310153690273297e-01 -1.673831003491070557e-01 -2.280975002659821449e+00 2.249945767302044874e+00 8.399772196003072455e-01 2.381155860057785123e+00 -8.058582312816803261e-02 2.193725397191126081e-01
-1.469796359893458249e-01 6.024910911877162434e+00 5.624469178356425125e+00 2.109759165217298893e+00 5.190652527793534476e-01 -2.712222882336480456e+00 -2.230780386857468933e+00 -2.236604418997156341e+00 8.708979443666031717e-01 9.469282189499563795e-01
-5.636183045555780424e+00 7.354619228374764672e-02 -1.811508203538225725e+00 1.482733572532448640e+00 1.562957264157757598e+00 4.324073953505707009e-03 2.905133421199854293e+00 8.576593593028102036e-02 2.013062857661761587e-02 7.054658585759625566e-01
1.149827428593035439e+00 -1.021798613567339864e-01 -1.363131784170410254e+00 -4.373915133933012900e-01 -9.273124715110503402e-01 -6.402888925557070898e-01 1.874971901286693887e-01 -4.257677383906165680e+00 -1.380363941389719296e+00 -2.887509485695999079e+00
1.345151534969288187e+00 1.900255238402361657e+00 1.340996736150406710e+00 -4.568304548368137930e+00 9.965900652809067672e-01 3.116995568598652788e+00 -1.572143190670929114e+00 2.477545660012857587e-01 -2.174548938627354211e+00 -2.033396584872217971e+00
-4.594445800212245135e-01 3.833398644207600015e+00 1.301465218392703349e+00 1.930391418190048780e+00 1.218485783943324130e-01 1.041789785337740165e-01 -1.707534798268728893e-01 -1.037634725260250766e-02 2.579565802637652894e+00 -3.713552001480150411e-01
5.634308913087462400e+00 -2.219074108119705624e+00 1.324483388684199792e+00 -3.178826995971210767e+00 -3.349365612427330774e+00 -5.762185747602559971e+00 3.750242396231558750e+00 3.153678470607658824e+00 3.114827247778078512e+00 1.435818619302206667e+00
-6.315605782401608970e+00 -4.200464756690974077e+00 -1.966169758984500859e+00 -6.456929921582378329e-01 5.019355598359112491e+00 9.070954750928629240e-01 -2.587285195977396812e-01 9.609222130106171988e-01 -5.538387707805967342e-01 1.375677408713345207e+00
-6.775255934425326032e+00 -1.659285718805529442e+01 4.984454103622695698e+00 3.301523594659323130e-02 1.449573741415580264e+00 -3.536627237341873342e-01 -2.432165991603780331e+00 -2.295313310026234066e-01 4.226277928032954989e+00 4.609438981609436325e+00
-5.294311692705965022e+00 -6.827356594566169612e+00 1.555980779938991976e+00 -2.527701577643997055e+00 1.217805537272957705e+00 4.385268604915940394e+00 4.785886440590111229e-02 -1.227820187850073630e+00 2.846414751605063298e+00 1.122215074173381177e+00
8.771243885895881887e-01 -1.588015356385169552e-01 -1.365899007654914676e+00 4.443545360127476029e-01 -9.696070541571452095e-01 8.819247489945079010e-01 4.673841965055514081e-01 4.149581656125657325e+00 -7.039497944092106829e-01 -2.179325986594544684e+00
-6.751359202011728122e+00 -5.776526566256503514e+00 1.874800512966826593e+00 -4.183286793603270048e+00 2.198043457081774843e+00 -4.031050604373022317e+00 -4.192662745307257133e+00 -3.226430666291357330e+00 1.379471548389995306e+00 3.199628745692246756e-01
-3.751711969862692175e+00 -1.998738981319996277e-01 -1.041231704148679604e+00 -1.258893825020298785e+00 3.428836816446521496e+00 -8.513829695967785327e-02 -1.622689969763055351e-01 7.012278095976764991e-02 1.887314593644564553e+00 -1.394466645340395994e+00
3.425143716873739308e+00 -4.011261445120333224e-01 -3.054342859001159649e+00 1.443940596428901157e+00 -1.239780575141749885e+00 1.792695750156853562e-01 -1.591628357661310389e+00 -4.966041261718671246e-02 -1.409708933343283066e+00 -1.461527900343016384e+00
-2.166692568268854924e+00 7.844546698516631222e-01 -2.181492644718836527e-01 1.652102841311420711e+00 2.930474029601255026e+00 -1.150531169778249013e-01 1.376827002204725314e+00 -3.024116412748192179e-02 1.571900061881471355e+00 -1.379067767700914264e-02
-2.339142653623510704e+00 -1.013014775867328510e+01 3.641009957086803084e+00 4.499514221939517000e+00 6.556368261745660897e-01 8.573475527896364801e-01 -2.164686519707981649e+00 -5.491435567453146760e-01 -3.522811273804703269e+00 1.670231080017233527e+00
3.438292518129551834e+00 -4.235195370087190270e+00 1.773543316197213171e+00 9.234676068322086873e-02 -3.656714542495654641e+00 -3.280652128622997932e+00 1.884055074822143849e+00 2.814148277404141307e+00 -1.843986522791225768e+00 -2.601263310314546828e+00
4.198879250141620112e+00 -1.280795171193664650e-01 -5.135451341270455217e+00 -2.745315991362422992e+00 -3.953912666871399750e-01 -1.251231440315002108e-01 3.333979727990744601e-01 -2.093048640968421470e+00 1.057882485491385749e+00 3.969651197173524437e+00
3.978820640211568005e+00 2.281144570019787154e-01 -5.648108711032893137e-01 -3.423666379391743786e-01 -1.238456710701463376e-01 2.114723303688820888e+00 1.009936315248942812e-01 1.136108973550677304e+00 -1.583528411702568306e+00 -6.500628889194319804e-01
-6.270831232296211866e+00 6.072408559652636484e+00 2.920661365707650337e+00 1.332258806713368937e+00 -7.300155174191747420e+00 2.359054835603597855e+00 -3.065367164270792255e+00 2.678288506494827192e+00 -3.206512770461227846e-01 3.796803355343915332e+00
3.374595559645749532e+00 -3.643570852179856878e+00 -1.258468464047312815e-02 1.280567046924887542e+00 -3.304288122312035281e+00 -1.088201325829629029e+00 8.051210860232413946e-01 -1.648672741463973468e+00 6.270478314241737516e-01 -2.222935477819191874e+00
-5.086986689769743109e+00 4.136213011815660145e+00 6.963481040689014634e-01 1.548288058536777756e+00 -3.376132818050661122e+00 -1.364345204752691387e+00 1.070009327721473724e+00 -1.835935954686003901e+00 6.356207716302509914e-01 8.640503709804918664e-01
1.871091930895826927e+00 -1.359750619269796523e+01 1.141243929870925733e+01 -7.492040533936196844e+00 -7.428557715323329091e+00 -1.180247633237727634e+01 5.478145060881748130e+00 7.487726305134609461e+00 8.091850342412952202e+00 -3.690239052086665250e+00
9.654090825433427892e-01 2.608418218924836829e+00 2.208359226405111286e+00 -4.410779299520070751e+00 1.358857033972721839e-01 -3.914801520924251488e+00 -1.308463300311577815e-01 2.347465542293740715e-01 -3.233336766379622418e+00 -1.425732841613198687e+00
5.205883253465657390e+00 1.575617493691563675e+00 1.021820253887801622e+00 -5.145372644173038523e+00 1.957747757042322734e+00 2.204865353672999184e+00 1.916759495319264595e+00 -9.535589630356804125e-02 -4.936490393380906561e+00 3.871358031163510738e+00
4.048762516528595867e+00 1.521941635888834909e-01 -5.063616824793819582e+00 -6.775081589456035669e-01 -5.493750972025567281e-01 -2.944900829042305102e-01 -1.024466651755055135e+00 -5.387945015485965383e-01 9.754517802004283866e-02 2.426202380074060194e+00
4.205171750455185986e+00 2.229702769816825914e+00 5.596734096668450675e+00 -6.238105185047632117e-01 2.790455097000531293e+00 4.839643990890327707e+00 3.264497388800117750e-01 -3.787063331204818972e+00 -1.457402553192599148e+00 -1.408424354893437480e-01
-3.330019997942898158e+00 2.713591751770656479e+00 -5.016047584451198693e-01 2.130304293092586843e+00 -8.439171050003848595e-01 -2.071663036937286539e-02 2.369134840940591236e+00 -3.769304867159446477e-03 1.393850841461918844e+00 -2.359822559251813570e-02
3.486437915795848497e+00 -1.993441194900313684e+00 -4.682855037598844916e+00 -4.568852036536514838e+00 7.283534562915806587e-01 -3.119547482745801403e-01 -5.893319331319734289e+00 1.009338228425295414e+00 4.116469282382193562e+00 2.161326286502132987e+00
-5.217918022889741714e+00 -8.748937678182944211e+00 1.911278017041849742e+00 -5.966013753718513168e-01 1.810220941615569679e+00 -4.447929053307029257e+00 -5.515019565695870041e-01 6.737987533638380988e-01 1.950662568754318427e+00 8.825354946464416539e-01
-8.596008404666955371e+00 6.001935204957145054e+00 2.986184215176084233e+00 -2.650824356617317967e+00 -6.811256891620885767e+00 -4.421151948855831515e-01 -4.035897754886634381e+00 -6.238611198156979176e-01 -8.122311202881751235e-01 1.021987735687480248e+00
3.013913709404462793e+00 -9.499186820753797278e+00 7.529834348894631546e+00 -3.315223324507739822e+00 -6.303128287933756901e+00 -8.894756726742997444e+00 5.322552702742658681e+00 6.967239272423264573e+00 4.070865353415352716e-01 -2.468964553142741991e+00
3.316094924981628722e+00 -6.375309558641634178e-01 -5.593253773248516580e+00 -3.391222518090702742e+00 6.780899779079146983e-01 -2.626800204467101829e-01 -4.598748994706348903e+00 -1.757294028246875639e+00 1.457879690287266827e+00 6.475291907766232979e-01
4.672694756613105405e+00 2.251843613467261918e+00 7.579018766355130055e-01 -1.606885148187583656e+00 2.201329837735161110e+00 1.530107233446517334e+00 -1.262584917907485782e-01 1.376493974256510988e+00 -4.660569224425874513e-01 1.622307298949714260e+00
3.693299856760646538e+00 -2.398087363916243664e+00 -2.234659788055600727e-01 -2.823385576028346056e-01 -2.784370806862363157e+00 2.813856238846521585e+00 1.694106501195666636e+00 -9.713946434685032383e-01 8.463435834395248714e-01 -1.353078754800485894e+00
4.034791653966116165e+00 2.531486491045066067e+00 4.254487027641864039e+00 5.416978295545592514e-01 2.072301286874192350e+00 -9.562720023538487935e-01 3.200973258694441159e-01 -4.406336548487711724e+00 7.690393576325285641e-02 3.164584987404997496e-02
-5.658098119393462966e+00 5.969545063362773796e+00 2.972482545835007706e+00 1.732721833150098867e+00 -6.906246196764836753e+00 -2.426178068929499609e+00 -2.670266363518751351e+00 -3.252475519299794726e+00 -1.455019146143852748e-01 3.461079874769967368e+00
-6.316426288957517343e+00 7.364341581564421979e-01 -2.148825026989048315e+00 -5.758236889972089267e-01 1.357338734900163990e+00 -1.091946363047288093e+00 2.402753398402796670e+00 -1.467541094940236990e+00 2.894369931725340392e-02 -1.558392082160206638e+00
-5.549789113240815475e+00 6.016980377786768086e-01 -2.815459877766086638e+00 6.263700165925935037e-01 1.848093300629184421e+00 8.121699419946237786e-02 3.749106314483936941e+00 2.449752101560758455e-01 2.618455740251827146e-01 -1.152586079466884739e+00
3.200270315045336655e+00 1.516393366141675969e+00 3.852854630463636854e-01 1.998173226977391970e+00 9.883059315599097561e-01 4.438822196687530752e-01 -5.424124365250020396e-01 1.855503865889102322e+00 1.740443989241451828e+00 -1.262552983627878822e+00
-7.785785546204773588e+00 4.672391850726642204e+00 2.159761990268768805e+00 -2.359257870905663967e+00 -4.772952462641636195e+00 3.654091284000333673e+00 -2.900868327707591288e+00 3.462658936612418525e+00 -7.752050985952013695e-01 1.124964957599706716e+00
-8.311205067412586800e+00 1.534791357979800708e+00 1.262282210771750735e-01 -7.028422346587611891e+00 2.675422897512554909e-01 -4.675979680895375523e+00 -2.687794061769957388e+00 -4.360541683639059585e+00 -8.938816078947343646e-01 -4.474444953216057286e+00
3.078587037969108930e+00 2.196412318586261847e+00 4.135576258852847076e+00 2.581458096659459134e+00 2.588908324640438074e+00 2.561104434249192874e+00 -1.700751702264105436e+00 2.311339300188167911e+00 -6.410603022228067438e-01 -8.711798914124205817e-01
-3.574971033630205852e+00 -1.278839403951609199e+01 4.351654440869552332e+00 3.703387034955676338e+00 1.259855784604514861e+00 -3.002876602790207627e+00 -2.190187260333499975e+00 7.174563222478018698e-01 -9.140778487673757446e-01 2.892977671579787913e+00
3.386676545013116879e+00 -5.334737792523139177e+00 6.313966729972579017e+00 -4.262774889014276702e+00 -2.023989181592806830e+00 6.850553022870254694e+00 3.580393847093866988e+00 -2.943035353559857903e+00 -3.184738762069610374e+00 -7.981219450325864606e-02
-5.763418358538721975e+00 1.410910676306200706e+00 -6.449605254664622089e-01 2.108885653265472282e+00 -4.183124095866413428e-01 -6.386526149101107164e-02 2.248789876780086683e+00 -1.059078443143010584e-01 -5.076098204063957814e-02 1.622700558793952696e+00
4.234009579374233390e+00 -1.045864935683930463e+00 -2.790787985356038892e+00 1.074784005851694646e+00 -2.236187174681357526e+00 -5.273423396634652205e-02 -8.596076116621533814e-01 -2.308136834148975858e+00 -5.062760829701647980e-01 -1.090674670856232265e+00
-8.043444291355379860e+00 3.558264767268853657e+00 -1.182069327776441754e-02 -2.649704317187025371e+00 -2.729013061875017243e+00 -3.374949407586026462e-01 -7.399153877243902500e-01 -6.576586015147578568e-01 -9.734343841635191286e-01 -1.173789543248829448e+00
2.172887870798063226e+00 -7.267558415524924542e-02 -5.191745969508526848e+00 -1.247393257196886429e+00 2.638527872702002286e-01 2.980788379066812710e-01 -3.030304638844824261e+00 -3.915152904994184668e-01 -5.142611288772308553e-01 -2.282200176041820683e+00
-7.175102583302611414e+00 -7.642344711614746933e-01 -1.414202635182118195e+00 -4.656435442832399296e+00 2.917586639184665209e+00 2.649685346314027079e+00 -1.475831355858024274e+00 2.393598950286146110e+00 3.921467286402778862e-01 -1.890577825496033038e+00
2.563302419443827862e+00 -5.574205670719917016e+00 1.559973961014097021e+00 2.644893858412018073e+00 -3.708804869344867861e+00 1.406951366571050466e+00 3.627995190090118061e-01 -1.381896235798853567e+00 -2.529273473762292390e+00 -3.444267097855830517e+00
2.604774619918771350e+00 -8.132198538664358267e+00 3.995491603905981237e-01 1.757276361566880718e+00 -2.290366933054569731e+00 1.296909019778016807e-02 -1.715592893214940462e+00 4.906764852489246820e-02 1.101395703137038273e+00 9.691391174698484878e-01
1.755576604509283545e-01 3.194988678644640423e+00 4.330194916875512057e+00 -1.687200227635625494e+00 -3.461337087238997245e+00 -1.396924167500217306e+00 9.297453413435574632e-01 6.798583784776105254e+00 -2.243020288939765905e+00 1.006370408146075590e+00
4.019673762906267100e+00 -2.507658280602599543e+00 4.274663284878737812e+00 -1.304163646588636594e+00 -1.304225640798133634e+00 -3.073637279811695322e+00 2.459322614256199913e+00 -2.137165547959208212e+00 -3.561818620895803811e+00 -5.306447088170058723e-01
-4.804329011002188565e+00 -5.178763069930012009e+00 -1.480116431537406574e-01 2.000527822689573743e+00 3.880473765626294647e+00 -2.116626696479076142e-01 -5.818745831214794384e-01 -3.064015956298287713e-01 -2.026832242770380876e+00 2.734836502560035854e+00
-8.476911877886040614e+00 -2.346103455295383000e+00 2.816421435713596377e+00 -1.272762424278427140e+01 2.407857025601370715e+00 4.872571205501121661e+00 -7.583197560680113192e+00 1.918404696934061127e+00 3.084533241621014721e+00 -3.551272129362323060e+00
2.961621801658445019e+00 1.992462377967931353e+00 1.483995060761832407e+00 -5.300459925542197581e+00 8.604350834043483776e-01 2.933190656643457350e-01 1.498732111631394970e+00 -5.408448816866634701e+00 -4.115545902872757011e+00 1.556590110713456376e-01
-8.313666748303477405e+00 -7.300286000796113228e+00 6.323846752744030297e+00 -1.641952889912953850e+01 1.170169933780854654e+00 2.133756699188434081e-01 -7.943488678757614885e+00 -4.528372894262899240e-01 7.752133477201802236e+00 -4.318736132839453568e+00
-5.297994643112516222e+00 -2.528447903102151617e+00 -1.912323908481255774e+00 1.216859304624093863e+00 3.663947251858499232e+00 -3.283971461188135432e-01 1.631543279269002999e+00 -2.965009981728929933e-01 -8.120189789662066726e-01 1.504280140206860183e+00
4.819555809241578892e+00 -2.733624139106735296e+00 -3.553321434463828088e-01 -1.024435484108509598e-01 -3.458674157025421803e+00 -1.874214738219112941e-01 1.608342909122697062e+00 -7.717705297623633776e-01 5.944907429006017985e+00 5.810740942111756180e-01
-6.475470303754027768e+00 -1.752750589287694893e-01 -1.882314783575830042e+00 -8.593624219307965939e-01 1.954205827138129514e+00 1.360995993782251334e+00 1.392767523101565041e+00 1.779202035883026278e+00 3.398949215540598146e-01 -6.343839088084598510e-01
4.380080169680284463e+00 1.924486671059689069e+00 5.215870852033956950e+00 -7.221947577864409329e-01 2.362227363108897915e+00 -4.824304225934866075e+00 1.765736879663522274e-01 3.352323939835519795e+00 -2.561559034603486218e+00 -6.456634551072998329e-01
3.414522865129594464e+00 -6.322601175493516301e+00 2.541089498330364016e+00 -1.048193433194954671e-01 -4.497234069332762374e+00 3.867957197388655288e+00 1.935041308147309236e+00 -1.262352612072270786e+00 2.282618712974558317e+00 -1.919939680661524539e+00
1.472099173421006935e+00 -1.323021012781234163e+01 1.023080263309853599e+01 -7.208948338390917421e+00 -6.177062911855457195e+00 1.241624939563652674e+01 4.631239143903653321e+00 -7.967501763931237768e+00 9.058043829506281952e+00 -1.560890722318728718e+00
-5.058058711167006116e+00 -1.186811115968996155e+01 3.163798763719553708e+00 3.515353824180288189e+00 4.056727022723206844e+00 5.054711349673421950e-01 -3.573296081006480662e+00 -8.836748214567587134e-02 -1.169587989697515429e+00 5.633195053003019481e+00
5.022803240283987058e+00 8.111805777275762352e-01 5.829868758810169638e+00 -6.425176622093151657e+00 4.033322464161134824e-01 -3.855024487688677670e+00 4.644958160385534107e+00 2.807861210778075933e-01 -6.187636782647675915e+00 7.407981552622372456e-01
-3.704531449401328835e+00 1.142909438430667723e+00 3.335039443851069318e+00 -4.219525305611869115e+00 3.222845665270232196e+00 -4.247757268541695552e+00 -3.755152252899309318e+00 -3.813146426271254885e+00 3.898440308832452628e-01 -1.780093563250542577e+00
4.442175599013515885e+00 -5.037151588951268577e-01 4.572324531746311038e+00 -3.112595949651403515e+00 -4.365676962881790968e-01 4.501420315176107856e+00 2.830391987736895487e+00 2.030882606612856911e+00 1.520243143260654017e+00 6.099339497768463403e-01
4.266754000326067775e+00 1.104265714406991450e-01 8.118038751604570447e-01 7.452047360842809498e-01 -3.865353319048145386e-01 5.705780715270339920e-01 3.648432571963937665e-01 3.434334728617510990e+00 2.814208159972633627e+00 -2.895582958939973417e-01
2.654237644169892718e+00 4.758843145490537552e+00 5.307997353220187620e+00 1.954337765791251513e+00 4.049572102605438317e+00 -3.330812516065287276e+00 -9.906937164058144951e-01 -2.314001331005874906e+00 1.099648052127030873e+00 -3.592475566600653591e-01
-3.725645073603545132e+00 -1.050955274051105626e+01 2.526223160721488892e+00 1.580633698504180229e+00 1.812389825426311329e+00 2.847793554587871423e+00 -1.511480656775230802e+00 -5.182182262747968560e-01 3.978649269986319625e-01 2.212545121702318429e+00
3.011607454754194002e+00 -3.667080072966649174e-01 -1.162163863211045145e+00 1.588881999301761772e+00 -9.868557447606118860e-01 2.418181344472060401e-02 1.390500500293013197e-01 -5.086553213998475931e-01 2.586253383743245537e-01 -2.133107692002974343e+00
-6.933509725482762676e+00 -1.277416220902560351e+00 -1.684746017026621079e+00 -3.329809169865010521e+00 3.256992791050067559e+00 -2.035712913049723127e+00 -5.111491048198893994e-01 -1.283674392462653024e+00 1.752115534793078078e-01 -1.489224826730700668e+00
5.365895368409717925e+00 1.060919732750439382e+00 1.672277324583637315e+00 -4.647005428780881964e+00 6.578379171873830478e-01 -4.140995345693822216e+00 2.226271774322899244e+00 2.222361670131838718e+00 -5.252623895478317095e+00 2.309341937435639203e+00
2.643544330218125626e+00 3.623044096443538642e+00 2.709039062875684856e+00 2.403297029761631176e+00 3.176384437661139426e+00 -4.564419896220142103e-01 -4.363620750839408702e-01 -2.970347157906242930e-01 3.167287676387154249e+00 -9.475019474645616224e-01
-8.588028040940020702e+00 3.687685399586381418e+00 1.841596622390373028e+00 -5.017048856116261391e+00 -3.540186085602041288e+00 -3.977155059025090811e+00 -3.587272872798641377e+00 -3.665667935318353443e+00 -1.620731176279436303e+00 -1.405464330399632811e+00
3.881982858996621655e+00 7.714533520282849111e-01 8.058665579934739531e-01 -7.914929635613903169e-01 1.960977743895823411e-01 2.079323477936095177e+00 1.554583894227159258e+00 -1.252188548598888840e+00 2.947428967240109277e+00 2.766886146390682977e-01
4.153098276787999588e+00 -2.288678436398413840e+00 6.756418240556620880e+00 -7.460317931912191725e+00 -3.482816824430229108e+00 1.405574457426766122e+00 6.574768793156890112e+00 1.511587983876128138e+00 -2.371327124036146650e+00 -4.448464991532631863e-01
1.985520265426502728e+00 2.687545835646689696e+00 6.510149226118754351e-01 2.107973131051745774e+00 1.708777170186635441e+00 -1.201198073721582021e-01 -3.169581141160370819e-01 -1.412090170287210733e-01 2.958430058577489419e+00 -9.773044817154400432e-01
-6.678861691585424865e+00 -2.141117476975818334e+00 -4.190158727827576757e-02 -7.338031985220186293e+00 3.746030813423533612e+00 -2.241646062678049334e-01 -3.887288546504877207e+00 -1.164250821438901351e-01 3.881092855886712822e+00 -2.644691818617201040e+00
-7.558468585816717322e+00 -7.856306157235365184e+00 4.062326527840554036e+00 -1.060983550165048861e+01 3.527521684973000671e+00 -7.396355910325442373e+00 -6.979547390939770501e+00 -1.731565506993572257e+00 4.856164912541157896e+00 -2.902046429208038791e+00
2.546830595120496810e+00 -2.803136305975116649e+00 1.927282956690680393e+00 -6.140099967079498455e+00 -1.572381987864612807e-01 -5.718688224894484584e+00 -1.444935110443601012e+00 6.637755290905832384e-01 2.094139767412881881e+00 -1.640483568093747513e+00
-2.172403998964561822e+00 -6.681164130357334585e+00 1.408129629624687462e+00 3.097471044600815127e+00 9.269739608840630307e-01 7.140953645804409833e-02 -7.271475320754420268e-01 -2.014319932865236140e-01 -2.111466722044002875e+00 7.592357984188461417e-01
-6.142368959607562573e+00 2.571979036630151594e+00 -1.131607365042810232e+00 3.650128635005889244e-01 -1.259346908404148424e+00 -6.985002898094399004e-01 2.154130850904969030e+00 -1.041278266575819345e+00 3.247332898393897604e-01 -8.032660460232768918e-01
-9.354735822310454862e-01 1.012320866123692209e+00 -8.039042985412897524e-01 1.310591129400182409e+00 -1.924754679789661749e+00 1.996401817916531596e-01 1.150549190738088923e+00 -3.248545106538879290e-01 -2.889579713932299843e-01 -1.500475392639383676e+00
5.286224016554540661e+00 2.586944317483362177e+00 5.185568335042458621e+00 -4.233047385235126470e+00 2.011468102299173832e+00 1.812009561652863365e-01 4.314860645455130594e+00 8.064667056229704589e-02 1.331592611554389238e+00 1.890101754311609650e+00
5.090626466662327765e+00 2.007010820883144309e+00 1.948793500621343044e+00 -2.659629258269929242e+00 2.026647207230859671e+00 -2.914658378116670168e+00 9.879304893107920815e-01 -1.207967185165292001e+00 -4.094596252331378139e+00 2.208563434044648943e+00
