1.257476648737648230e-02
6.122788728031836741e-03
2.210678882521739923e-03
1.137728592321154324e-03
7.854795165781142206e-04
7.298158467896705874e-04
8.411010719865492317e-04
1.072147934405804325e-03
1.654615586836427881e-03
3.622236905953812001e-03
6.692079716511236710e-03
1.985650943009279606e-02
1.650802786965390595e-02
1.157414406278148289e-02
6.076813376508926820e-03
3.245177865925523691e-03
1.842872127480850268e-03
1.578759194755558794e-03
2.505411727341443507e-03
5.135418020427609358e-03
8.208695545093094154e-03
1.307953844440099336e-02
9.932758416918591529e-03
3.779007765667903238e-03
1.605282397096184253e-03
8.861914504330343362e-04
5.590438215273386231e-04
4.955703354082741530e-04
6.271067661463223782e-04
8.545336928158786538e-04
1.183258114227701699e-03
2.172274610762498382e-03
5.827188116880387819e-03
2.115548896098869147e-02
8.917117852970299005e-03
5.752753003885418236e-03
4.777745930399536836e-03
2.947055954208169584e-03
1.413718220127747416e-03
1.189273962412843019e-03
1.519782670759760139e-03
2.570385631280622512e-03
5.409703003737635282e-03
1.274566804315106945e-02
1.585581004717351306e-02
9.193713058209514524e-03
3.277031901008344884e-03
1.566534217860353307e-03
1.090073226784041846e-03
1.059880742080117864e-03
1.158273390232713576e-03
1.431920126888836832e-03
2.288553568932750765e-03
5.055655004452899899e-03
8.675765048453153161e-03
2.183184009525787617e-02
2.315439943463572237e-02
1.591578102292938446e-02
7.351963339620800654e-03
3.930942378728171857e-03
2.373623369591816839e-03
2.078637636063022931e-03
3.257944898122278835e-03
7.472925916252531366e-03
1.165541861275248316e-02
1.702150001440808080e-02
1.055475015962759229e-02
4.573308481241507469e-03
2.233189414254083734e-03
1.289041420099630532e-03
8.595625376403965255e-04
7.584594573251338817e-04
1.012232019211700218e-03
1.400891737673198162e-03
2.124614359451243006e-03
3.444898285603270258e-03
7.221065877047846276e-03
2.175095297836227709e-02
1.138701165491529978e-02
7.828714328143689810e-03
6.390915553778008310e-03
3.575472269047752505e-03
1.839838355275051022e-03
1.622645775734898443e-03
2.410741812191526372e-03
4.336869878561922138e-03
7.908568049806968814e-03
1.361104129841767506e-02
3.214003773928748864e-02
3.221069251625392066e-02
6.963515881910458706e-03
2.868191653373119467e-03
2.167319259786642301e-03
2.182986823035358657e-03
2.331260633927636008e-03
3.037566373205442035e-03
4.916416653315966272e-03
1.371311104041697364e-02
1.504603368100617192e-02
3.163874549642875511e-02
4.358139813420167097e-02
1.976864090852949868e-02
8.960818568878325258e-03
4.853491799337412808e-03
3.441818742045973413e-03
3.405711620712426405e-03
4.210151649293704390e-03
1.093750784795624251e-02
2.299049781107127821e-02
2.950942702451859329e-02
2.715070340054449513e-02
2.007657322067980463e-02
1.043931070798438665e-02
5.526093254038251523e-03
4.012845913027976268e-03
3.862426949949924245e-03
5.099348638396854552e-03
7.161927341796356199e-03
1.035925902437742283e-02
1.517988347417737263e-02
1.774245708373738822e-02
3.832640156577973856e-02
3.839843884075486158e-02
2.691817252207516151e-02
1.649541638915615061e-02
9.627073252951947463e-03
5.837562427236249116e-03
5.968875550640077160e-03
9.032201463940268266e-03
1.936909306803298245e-02
2.884133364058977245e-02
2.980517132667365177e-02
9.837882221506201452e-02
4.598770481857610004e-02
8.068010280146141119e-03
3.756848914356877237e-03
2.771949631981921770e-03
2.570313048000716100e-03
2.960745959547255324e-03
4.087673671902629889e-03
6.217158686769189667e-03
1.653918171602885429e-02
2.656804175776219731e-02
4.773672361395617930e-02
3.055134345553315797e-02
1.125169929328998127e-02
6.430797372455359338e-03
3.882947525043997303e-03
2.950155473817986894e-03
3.138382357585741290e-03
3.754330934867888131e-03
6.367344969894004995e-03
2.124342625099272588e-02
5.686797281459041870e-02
1.044646909533444024e-01
9.130310278128619950e-02
3.685281593482417350e-02
1.875689825709541195e-02
1.364012257220155976e-02
1.422192094780814348e-02
2.015314544086776669e-02
2.625621724723939399e-02
3.554230792064080185e-02
5.020716845163707143e-02
5.137457914272677145e-02
8.615131496022017388e-02
9.666110452303863787e-02
7.093097560399294621e-02
4.452011916418831261e-02
2.753276222747867014e-02
1.620485636698746831e-02
1.789646496881250673e-02
2.380324473858134657e-02
4.188908907871428250e-02
6.756653205572980825e-02
8.730524336975378774e-02
9.863920952011340226e-02
4.604662133638813548e-02
8.112820514806188751e-03
3.708163157588024658e-03
2.689472420749838225e-03
2.542034017780428479e-03
2.993945172075922114e-03
4.061460271400121370e-03
6.141991692669124606e-03
1.602186190217794182e-02
2.690992126043099605e-02
4.752237484621803926e-02
3.062152375144713834e-02
1.135449067511865723e-02
6.381761569548970170e-03
3.864101450649349428e-03
3.047342599217168699e-03
3.002330881317948411e-03
3.639166762797753450e-03
6.186793224058395428e-03
2.112996987104022104e-02
5.725557162421704427e-02
1.053144842956396654e-01
9.243686105286730292e-02
3.690024174735188900e-02
1.976633590500190274e-02
1.408417483203982558e-02
1.478291638249424472e-02
2.065935552365717048e-02
2.640440776589322164e-02
3.501575132869734486e-02
4.881679482634534301e-02
5.235035287220085598e-02
8.494936010794994219e-02
9.723188403846268202e-02
7.201965931960094269e-02
4.552525412254902065e-02
2.762402490818958306e-02
1.581637706612996561e-02
1.747918271788825167e-02
2.331508430176211163e-02
4.123109374900276597e-02
6.617831274525676211e-02
8.711850626797937314e-02
3.167688930073890574e-02
3.150808845428623023e-02
6.830754079413745190e-03
2.881781904581593150e-03
2.188964255637120254e-03
2.170739980690994646e-03
2.413021155822887582e-03
3.076752833922483023e-03
5.027634585560050544e-03
1.421381002202600462e-02
1.512506464354156262e-02
3.141841757613904329e-02
4.367758404959468793e-02
2.017396290860258221e-02
9.274862104168429128e-03
5.006137109386877074e-03
3.424125112095079398e-03
3.204905496622550021e-03
4.061817021145683847e-03
1.022039441746531475e-02
2.292419589558089554e-02
3.078943630875482368e-02
2.661037329321271072e-02
1.996520178725402425e-02
1.027580050150224238e-02
5.472890848775446848e-03
3.887220494152195116e-03
4.049518383446772812e-03
5.498823604153257709e-03
7.298224739352055131e-03
1.027689558781028079e-02
1.512614311926045729e-02
1.832925271793738736e-02
3.824780403949320368e-02
3.866218295646266928e-02
2.746330348363696522e-02
1.674058746256733982e-02
9.378987447609146016e-03
5.678936335189201795e-03
6.167997223248738656e-03
9.120173212457864317e-03
1.847817180328450298e-02
2.874076986266724601e-02
3.146222844724978762e-02
1.568856339967216601e-02
8.921508989311079107e-03
3.078549196119237906e-03
1.463163091827962732e-03
1.042344468036155792e-03
1.092804018832009474e-03
1.243088289685896197e-03
1.611575087838970763e-03
2.532818848033006713e-03
5.224856175887407882e-03
8.610781578944922895e-03
2.196959620913772893e-02
2.298489985523925055e-02
1.569572452652851988e-02
7.289793841561122145e-03
3.748030330776928268e-03
2.318396250770099476e-03
2.113459340884999305e-03
3.401574371076007686e-03
7.606514663934502846e-03
1.191390272801269058e-02
1.766931879380470582e-02
1.035247715856152904e-02
4.554198241929145741e-03
2.268135947594554155e-03
1.194601832755574564e-03
7.769800750996410559e-04
7.770509825617995508e-04
1.084125203919671966e-03
1.515599767475759013e-03
2.166748492225062817e-03
3.635719284202350819e-03
7.355526606565886312e-03
2.184654874801432098e-02
1.150236055287456004e-02
7.891635477441562990e-03
6.196048913012154602e-03
3.296290991544581581e-03
1.792142632621442251e-03
1.714584417973734733e-03
2.718740000041115421e-03
4.429681957471724718e-03
8.194460386148547798e-03
1.425503417852542511e-02
1.170284803409007111e-02
5.681395874514174292e-03
1.993721436796238450e-03
9.962237105185141068e-04
6.921576538224579736e-04
6.839893154673928497e-04
7.557251024079860140e-04
1.023838714122937005e-03
1.575757190276615973e-03
3.381348535567792971e-03
6.113976258553844266e-03
1.875415784609121839e-02
1.523457878791048895e-02
1.055665193449436927e-02
5.541232240204359109e-03
2.854367336698786489e-03
1.703906907664169343e-03
1.440785119739171685e-03
2.381721059941287015e-03
4.850643648471105775e-03
7.637910847835157474e-03
1.219333198405703027e-02
9.344215749917757566e-03
3.645943989182116440e-03
1.467307113439382396e-03
7.490892634868182845e-04
4.852264951121991834e-04
4.720973997570491760e-04
5.637659448229696791e-04
7.849619354184998558e-04
1.082784509406133858e-03
1.868469395462127661e-03
5.193287858482216295e-03
2.000829571232024678e-02
8.258950456148174066e-03
5.273281677149634430e-03
4.300528875235297074e-03
2.563610952526183383e-03
1.331221317877517765e-03
1.054407545242612605e-03
1.513996983899251010e-03
2.519672896353352363e-03
4.924062103901813252e-03
1.206564894631386407e-02
