-3.878810823614077039e-14
3.650662141675279580e-14
7.525938020445008798e-14
-6.117109159436085494e-14
-7.544197860886345999e-14
-1.132035656141959511e-13
4.312255947765039677e-14
1.940919403721519736e-14
5.949524718165603940e-14
1.892829924165744156e-13
7.101198054100767055e-15
4.231214040778963345e-14
-2.875334977068191755e-15
2.672159730609918998e-14
4.070607577442790363e-14
1.113659945692731402e-13
4.240152609958028267e-14
3.143633063507733840e-14
3.569130000096038764e-15
-6.028641055255217218e-14
-2.187982390762036864e-14
4.800802175099361759e-14
-1.455527327066138721e-13
-6.971149414220441770e-14
5.767482026952909444e-14
2.127397785256827139e-14
2.966201285068418739e-14
-1.387080963703131401e-14
2.107517307495687997e-14
4.460695655290091213e-14
-5.327066741673718883e-14
1.224110186516065756e-14
4.118024837388846466e-14
2.766463299091669248e-13
-4.039638163148371483e-14
-6.191901195689728775e-14
-3.099716935577092820e-14
4.307686420351481794e-14
-4.118730484129829944e-14
-1.939931207725232695e-14
8.517475405629718541e-14
-1.139389770299498233e-13
-9.504999760853469870e-15
-3.809927868489630852e-14
2.829377865642103576e-14
-3.178367378810566189e-14
6.424789896268119659e-14
-6.572589885640311884e-15
3.956950818482412964e-14
-9.185543699917416407e-14
1.705210602643497636e-13
-2.904055298261867109e-14
-2.284606727827914154e-15
2.695909604520291131e-14
5.227165080092827820e-15
-6.003376366608671668e-14
-4.734795264635692919e-14
3.875163942878056187e-14
3.755932534808484424e-14
1.496043378341811123e-13
-2.162441254597301912e-13
-1.195683517527909431e-13
1.081783272772086923e-14
-8.015345189258213710e-14
1.928226119166634487e-14
7.670258811142530775e-14
-1.493689154341924485e-13
1.683780965054469803e-14
5.007597425594460364e-15
7.219257641942406172e-14
1.975693609805709420e-14
4.603919148977515956e-14
-6.360431316216846004e-14
-2.007875271872006867e-14
-6.668400940602534834e-14
5.243357876732920862e-14
1.664214200920243314e-13
5.208727188751154073e-14
5.097280413147941193e-14
-5.696680585912509645e-14
-4.418111585683732282e-14
4.180221337733374311e-14
-1.930037381130764206e-14
5.375673210384259291e-14
2.218096019069741199e-14
-5.637432114270277506e-14
-5.910261055503823417e-14
3.199719932792069546e-14
2.212631351650699705e-14
-2.264792950050235657e-14
-9.623212342103586593e-14
2.928686043935308907e-13
-6.026850055275269162e-16
6.334424969523674410e-14
-1.444676132004362110e-13
-2.286567375641662660e-13
-5.952074912579503457e-14
3.198816648137487720e-14
-3.878990404448498618e-14
4.157948917311693622e-15
-8.422040907301183027e-14
9.126822194142973177e-14
1.423100006440864271e-13
3.881076308865728993e-14
-1.395005055446783042e-13
-2.330867619880293922e-13
1.174163786106171671e-13
1.573082442928013078e-14
-2.671442950062906746e-14
-1.095243298578634836e-13
-1.403434028009728526e-13
2.106315177859311192e-14
5.211600636380964523e-14
8.066159494275564928e-14
-1.205832745404459331e-14
6.752268481564126429e-14
1.933310668676848386e-14
9.644195195227457710e-14
3.617803691892502578e-14
5.311092558472092329e-14
-1.378717554601183479e-13
-1.465478445192275925e-13
1.323929797346292499e-14
-1.013630962740173556e-13
4.186859528878383646e-14
9.283506317896625781e-16
1.926378601621672222e-14
-2.349168866251996091e-14
-4.002035983189478964e-14
-4.837510153583764133e-14
1.235001339856291934e-13
4.114206173339600882e-16
4.619594673617887352e-14
-4.671136121592941619e-14
1.913653257876587304e-13
1.344982857731088872e-13
-2.150359313703468874e-13
3.396939750117989353e-14
-3.735605779131792411e-14
-2.297880016822632529e-13
-2.101191621458230126e-14
1.339279381743661754e-14
1.445193735704078710e-15
-1.781541130327520481e-14
3.953908936680798423e-14
4.876603440728810222e-15
1.299219819086483956e-14
-1.439627478090490457e-13
1.967810458583902754e-13
9.054709561022153783e-14
-1.560203488658180741e-13
-1.205660158554425347e-13
8.400024667270873692e-15
-1.171048894307241105e-13
-8.878184866359455186e-15
1.346894236524672125e-14
2.783557959733265170e-14
4.960821555157826822e-14
1.408390021915736456e-13
-2.206890010437503847e-14
-1.141569754092012466e-13
2.335616951832921422e-13
2.441653381676714475e-14
-8.572803286185525757e-14
5.610817676633057752e-14
7.080899042943024402e-15
-3.150327129388309641e-17
-2.602212635618271287e-14
1.285942099711214434e-14
3.399747783423234129e-14
-2.506823996742512929e-15
-4.868067282783808028e-14
8.351282767252358798e-16
4.863437985088232088e-14
1.016031617025385948e-14
-7.617878239320037405e-14
4.710620454747421658e-14
2.356815476807707277e-14
2.481191830785392784e-13
-2.631998575186876558e-13
-8.324814521888062660e-14
-1.067232517101076339e-13
4.097777689710918963e-14
1.363427102799020431e-13
1.743463997117086503e-13
-1.754966406693559777e-14
9.726799653464470365e-14
8.578257166926441325e-15
2.189035776092583299e-14
-5.948820331370337612e-15
2.587568929380486620e-14
2.717997093195230571e-13
-1.033495079206217957e-13
8.981668579326598004e-14
8.594373171160749307e-14
-2.084718587177526555e-13
1.232162489307339398e-13
-1.918206166863271374e-13
-1.585599386508891331e-14
-8.080654141221090134e-16
-3.336256701711206645e-14
7.681775743521879073e-14
5.537940307888450649e-14
-4.503878224825143591e-14
-1.948778867963848844e-14
1.476601765387037140e-14
1.086271317696212117e-13
-8.745666450029098697e-14
1.278488358560261074e-13
-7.938218049323767326e-15
-6.347339104563503220e-15
-4.151992356799512791e-14
3.208405484300644071e-15
-2.119746662038395350e-14
1.666358589960596884e-13
1.296617439778046741e-13
-1.044057875264719707e-14
6.330250126534221695e-17
4.381059796297691292e-14
1.483148649037340314e-13
1.779432984011410617e-14
3.537387596247728314e-14
1.967210356724226658e-14
8.803731434088926431e-14
-2.201379676414520116e-13
-1.612656229657073103e-13
-2.988724897524960005e-13
-2.048438411690359005e-13
1.095180327005968971e-13
6.479323869599818587e-14
2.541412746531132230e-14
-6.030673604828314657e-15
-3.161330312473308083e-15
4.421133886900379694e-14
1.280393806609362807e-13
-2.010431714588133965e-14
-7.845828286959593839e-15
3.032026516502349908e-13
5.159426078539769298e-14
3.736191911021918466e-14
-3.875054385455338764e-14
-1.552765437688379174e-13
-8.048468442185863253e-14
-4.455896039932431155e-14
-2.670648522146945133e-14
5.664193284157157940e-14
-3.268266610975999749e-14
4.370751177574003179e-14
3.365754447981960389e-15
-5.877113015072682973e-14
-5.050069372888606442e-14
6.078151393595136030e-14
3.779541757635768600e-14
1.025724292000496445e-13
2.352275686684385372e-14
5.680899817235012262e-15
-9.003698627333435926e-14
-2.301698920004432320e-14
-6.634523417314502507e-14
8.621102533846572335e-14
4.938136669649525842e-14
5.051338729628590074e-14
-7.889657221503990654e-14
6.205209668025761603e-14
-1.435493336490328340e-14
3.764842665212797447e-14
4.547248409357403860e-14
4.126017238760895120e-14
3.860078619238212617e-14
-2.632862486537806057e-13
-2.162153143581619637e-14
1.550384371702087549e-13
6.710236358177880539e-14
-2.637827649763051565e-14
3.785917288668576628e-15
-2.019103663825602086e-14
4.376399745641352046e-14
-9.457548533799414254e-14
6.877547044099898785e-14
-5.897087378074612419e-15
-8.154209232195486128e-14
8.198567781064995183e-14
-2.322145306241282390e-14
-7.128369503454146509e-14
-8.387700341105610190e-16
1.412967306995065452e-14
-1.813325225522470458e-13
1.746806458254345012e-14
4.233718452879619172e-14
3.306704546356026495e-14
-5.194232284673849777e-15
3.407141607727055555e-15
3.141153066069489271e-14
-9.982323638831001421e-15
7.021284968480887347e-14
-6.609625372871567889e-14
2.539441083191973247e-13
-1.962447016232282217e-13
7.578888679134621774e-14
-9.102979283526680685e-14
-4.835104402946692579e-14
2.267029482263577375e-14
1.471232795987828049e-14
3.507611350547189392e-15
4.514493910319258443e-14
-7.446152896454926129e-14
2.492339969339458949e-14
-2.855061349959667701e-13
-2.706045533541233876e-14
1.458739553528674814e-14
-4.294035229923870591e-14
-3.577251713039722762e-14
-1.946255505251083990e-15
5.394082302966690367e-15
-8.216542603785951270e-14
-1.773874000655848700e-14
1.234863973631680066e-13
6.039190066479048932e-15
4.239291732762090899e-14
-7.244054145045833495e-14
2.597677036742946459e-14
-1.458931566684608615e-14
-1.056401846297895839e-14
6.037222108408825280e-14
1.897503422814122069e-14
2.366776119094936809e-14
1.314169666420291280e-15
-9.634702841336059587e-14
-1.690282439232609562e-14
-9.221516577215556077e-14
-1.824328907443120072e-13
-9.424633377620472364e-14
2.286256588174394606e-14
6.672603399545047286e-14
-4.673214132064558748e-15
4.250060707366229140e-14
1.385496157696726559e-14
-3.064873818176142924e-14
-3.326260716660959974e-14
-2.223503551807498939e-14
2.129114643859631731e-13
1.185739146539651939e-13
-1.184165358629975112e-13
-1.926877257280597632e-14
4.496755083145026460e-14
2.713034580998626074e-14
2.931882240802744755e-14
8.485671791561427262e-15
4.836465298599984270e-14
2.736450762142860722e-14
5.241667595270788766e-14
-9.057891772492132124e-14
