3.428673953823861698e-02
2.014715018347756903e-02
1.177154692084488551e-02
9.130319240225332270e-03
8.082388714527870277e-03
7.536140998429350681e-03
7.670091077013384794e-03
7.919420514195881985e-03
9.759649854450623552e-03
1.553714745035411626e-02
2.325737015462555138e-02
4.842888946197410061e-02
4.110341539479516609e-02
3.396180100111182570e-02
2.255402532977814414e-02
1.640091734265098494e-02
1.222060314324355940e-02
1.125738373613833360e-02
1.428094354555192909e-02
2.188889646915613552e-02
2.776926165449127015e-02
4.069804331151700288e-02
3.596466226602832578e-02
1.755977407505424776e-02
1.076553764929044643e-02
8.099839157482696325e-03
6.674742068378686395e-03
6.838744076032254177e-03
7.181952416795195707e-03
8.037079901929811143e-03
9.027080159894942599e-03
1.283289282143547198e-02
2.892831039466847720e-02
7.173427457301180532e-02
3.560547473673481012e-02
2.645572319461360344e-02
2.545363180040958670e-02
1.909378700640148446e-02
1.130051726607177350e-02
1.114230926760377549e-02
1.214000574976022671e-02
1.703026684631803872e-02
2.732952894693561202e-02
5.375692825868291086e-02
3.968040760577871973e-02
2.430557345240278930e-02
1.402362792222067688e-02
1.097579436304404674e-02
9.495197063944808141e-03
9.332237422695415299e-03
9.142518461915669428e-03
9.637231547819303384e-03
1.127908770995997810e-02
1.786579984433928070e-02
2.724287727315206908e-02
4.942955145625178154e-02
5.042486207294511608e-02
4.357533182812720063e-02
2.612944214426655629e-02
1.899566193085748880e-02
1.474983605676552165e-02
1.360147515082516835e-02
1.748472025105929015e-02
2.887141396113323752e-02
3.272643015670418515e-02
4.686338196433770947e-02
3.970185265396834057e-02
2.089392171353177813e-02
1.400711170538388936e-02
1.086021030870104598e-02
9.551682922750189333e-03
8.581161811393596753e-03
1.024856846688986488e-02
1.138463843077728091e-02
1.465059444442144004e-02
1.960168705753996890e-02
3.561909405891235808e-02
7.406957451485700339e-02
4.318221667446023315e-02
3.281379645707312165e-02
3.254249287314273792e-02
2.132123533398342513e-02
1.412425554058777122e-02
1.293689873705207438e-02
1.694867082309254799e-02
2.394498649416504019e-02
3.446858933090157090e-02
5.334688771113476474e-02
5.528343696639119453e-02
5.583120851548895730e-02
2.163922305537512025e-02
1.490841285915303800e-02
1.460075753345824179e-02
1.508127832069488909e-02
1.461337932812910648e-02
1.573071802200657135e-02
1.803470581617609356e-02
3.503811598564786356e-02
3.746228458958592716e-02
5.873394307544597265e-02
7.720091819405529299e-02
4.686608252458081963e-02
3.050659699844092063e-02
2.245251905008313620e-02
1.931807706411397055e-02
1.945501105100934380e-02
1.997112925059735603e-02
3.511300953244034240e-02
4.977818813829060912e-02
6.328948440612976178e-02
6.706091805966181429e-02
4.479631062601516917e-02
3.206597042664258157e-02
2.439763227040130794e-02
2.177299176782020174e-02
2.105383282937527134e-02
2.359693108283520552e-02
2.804470134135700690e-02
3.258470445932918486e-02
4.214385129361435806e-02
5.463241475848854695e-02
9.003885176549389358e-02
7.492710793506536515e-02
5.938943068985086393e-02
4.992426654924725371e-02
3.598739288799167324e-02
2.747698097059351682e-02
2.824264094823442442e-02
3.462272277334595139e-02
5.194766331065481940e-02
6.712306246783389385e-02
7.592949866364068212e-02
1.130885244677741902e-01
6.880188034307267719e-02
2.580054522366130934e-02
1.897624590073732423e-02
1.685774709052845211e-02
1.600041069644623712e-02
1.649416097422550312e-02
1.913499542019364216e-02
2.325553358177122332e-02
3.871128541671816498e-02
5.040325440631877874e-02
6.894234870025442441e-02
5.387980536774451129e-02
3.115261688073942686e-02
2.479779488561893036e-02
1.957189495158682610e-02
1.716621859193090058e-02
1.801033278329681672e-02
1.869629679323317473e-02
2.270068487480622968e-02
4.627854224291560320e-02
1.000706469360717610e-01
1.327169738529563325e-01
1.110832767364794971e-01
6.864279539008190378e-02
5.110623365636791926e-02
4.507046757667228232e-02
4.789911203225991759e-02
6.094391849117380966e-02
6.792052342099455520e-02
7.818442238253811571e-02
9.215547903394213924e-02
1.033259574106329959e-01
1.371202079548504427e-01
1.330743906825085365e-01
1.177319787133341566e-01
9.130334179783226867e-02
7.104168856493270345e-02
5.136825346844799134e-02
5.726670653844413705e-02
6.542635731676622879e-02
8.649624810527838104e-02
1.095233804284142243e-01
1.554336199883571135e-01
1.134004963628329754e-01
6.862950176182366913e-02
2.585045378924916148e-02
1.865384888142718536e-02
1.610254032812888370e-02
1.534071449674952181e-02
1.648396311314515028e-02
1.872387467242023901e-02
2.286230290525159345e-02
3.772865606011293477e-02
5.135246570515113185e-02
6.872528996038675120e-02
5.404554434814354269e-02
3.147845848036197325e-02
2.445158057150654055e-02
1.976145876267755910e-02
1.811996821607667757e-02
1.707670739814993316e-02
1.835961747026546714e-02
2.220801514458560499e-02
4.625277563197711939e-02
1.002163964747707220e-01
1.329354255335086776e-01
1.128104888849332937e-01
6.797800396623730756e-02
5.352463014096800475e-02
4.602470296797620680e-02
4.869763230110731728e-02
6.092781665633819482e-02
6.780841857246434901e-02
7.789985368864689452e-02
8.984115267156814189e-02
1.056995224489990226e-01
1.346487454095391945e-01
1.331793668183753054e-01
1.188222243762857289e-01
9.265641975028540700e-02
7.022581803203319095e-02
4.997045715344289318e-02
5.553306699992433676e-02
6.466600653943496702e-02
8.685982468698832948e-02
1.076330472679308536e-01
1.547432093653354213e-01
5.496687804583316739e-02
5.454244435284417297e-02
2.096762422738849066e-02
1.493902965908490768e-02
1.461929574921294259e-02
1.475120280952180868e-02
1.508284598632440160e-02
1.582801612434184615e-02
1.858049204639276170e-02
3.665105632589833046e-02
3.734104642148208114e-02
5.835675329266330064e-02
7.756969597402901817e-02
4.762131011993046142e-02
3.157192959244313479e-02
2.331990473532190300e-02
1.937473867072115469e-02
1.863854669359139848e-02
1.950578200676593432e-02
3.337937384843409072e-02
4.975298276249400659e-02
6.494619513997118565e-02
6.675330203644497251e-02
4.622864496935510936e-02
3.224903849420068802e-02
2.378489246306925153e-02
2.071099800580142314e-02
2.133158010963536258e-02
2.507063525673670218e-02
2.820002764780460761e-02
3.251244431358003145e-02
4.156632015955086246e-02
5.625606002276180295e-02
8.940334605700574200e-02
7.474337000189863744e-02
6.008506269825109047e-02
5.001441756331185401e-02
3.453892675228339981e-02
2.712352574797849067e-02
2.955714941581977229e-02
3.543440568177364663e-02
5.054367046219678666e-02
6.611498912841286268e-02
7.862333279528287144e-02
3.924768843074744051e-02
2.374362009023455247e-02
1.346284137373734806e-02
1.038369950420521548e-02
8.953378734942162367e-03
9.288320945741264031e-03
9.639608582095426578e-03
1.039121397581623495e-02
1.229243262402550906e-02
1.818064807610209402e-02
2.715796863977699982e-02
4.975821083922771920e-02
5.014548864232320352e-02
4.300880816152639202e-02
2.580560424709323064e-02
1.807166395789754770e-02
1.453094031332959404e-02
1.369698109623367598e-02
1.831887540784070748e-02
2.954353075512531485e-02
3.297811747069182009e-02
4.794062477944894402e-02
3.974388645648218449e-02
2.154200771976470113e-02
1.474571138619312598e-02
1.034942944806559705e-02
8.705848268728354211e-03
8.352082795055603207e-03
1.050773391730281878e-02
1.198822373385707504e-02
1.472117722475987066e-02
2.094524091978881494e-02
3.605153933490862217e-02
7.449822012131389337e-02
4.411402819532609515e-02
3.378106868071669572e-02
3.163245896514817884e-02
1.972987167395072114e-02
1.385244426751653692e-02
1.417748616071948242e-02
2.008286981683964773e-02
2.474656720862777881e-02
3.452880019731394134e-02
5.438197854694978156e-02
3.277303873773195625e-02
1.929203371341587508e-02
1.145300614959282419e-02
8.592784383597259004e-03
7.467197736406376921e-03
7.309762615555240491e-03
7.034255891435583878e-03
8.093380667917669802e-03
9.528486472872636087e-03
1.505197255452412133e-02
2.199053166367918866e-02
4.665892840759977567e-02
3.928562517566180218e-02
3.195516228476778797e-02
2.125572506605732589e-02
1.501821338373005195e-02
1.193264925086735470e-02
1.080479908009175649e-02
1.430293640259562224e-02
2.165626479359397671e-02
2.689353210629381527e-02
3.882145210375797378e-02
3.553590175070279328e-02
1.829476562333989809e-02
1.044641919766340146e-02
7.159196500560047888e-03
6.191089444872713635e-03
6.608433904785967865e-03
7.321273985976352316e-03
8.256319504683933344e-03
8.762181116088712390e-03
1.199467696861663928e-02
2.672572825600962737e-02
6.974966935489464170e-02
3.394406416819536337e-02
2.503468386828659742e-02
2.442071028888380055e-02
1.727496704476329248e-02
1.168683514329495882e-02
1.046992889214651279e-02
1.305867265235878538e-02
1.793469829223294856e-02
2.616245484860000442e-02
5.185896918505676634e-02
